0.1
0.1
0.085
0.085
0.085
0.09
0.085
0.08
0.085
0.085
0.165
0.085
0.1
0.1
0.1
0.1
0.1
0.085
0.09
0.085
0.1
0.17
0.09
0.09
0.09
0.085
0.09
0.1
0.1
0.1
0.1
0.1
0.2
0.08
0.085
0.085
0.09
0.085
0.105
0.085
0.085
0.09
0.085
0.2
0.1
0.1
0.1
0.1
0.085
0.08
0.1
0.085
0.085
0.165
0.085
0.085
0.085
0.085
0.1
0.1
0.1
0.1
0.1
0.1
0.2
0.1
0.085
0.09
0.085
0.085
0.085
0.085
0.08
0.085
0.085
0.165
0.1
0.1
0.1
0.1
0.1
0.1
0.1
0.1
0.085
0.09
0.165
0.085
0.085
0.085
0.08
0.08
0.085
0.085
0.1
0.1
0.2
0.1
0.1
0.09
0.095
0.095
0.08
0.085
0.085
0.085
0.085
0.165
0.195
0.115
0.1
0.1
0.1
0.1
0.085
0.085
0.085
0.085
0.165
0.085
0.085
0.085
0.085
0.085
0.1
0.1
0.1
0.1
0.1
0.165
0.085
0.09
0.08
0.09
0.09
0.085
0.085
0.08
0.09
0.2
0.1
0.1
0.1
0.085
0.09
0.09
0.09
0.09
0.09
0.18
0.165
0.085
0.085
0.1
0.1
0.1
0.1
0.09
0.09
0.085
0.085
0.165
0.085
0.125
0.085
0.08
0.08
0.08
0.1
0.1
0.1
0.085
0.165
0.09
0.085
0.085
0.085
0.085
0.085
0.115
0.085
0.12
0.1
0.1
0.1
0.1
0.08
0.08
0.08
0.08
0.085
0.085
0.09
0.17
0.085
0.085
0.085
0.1
0.1
0.1
