83.75
87.5
106.25
83.75
88.75
112.5
92.5
83.75
116.25
81.25
101.25
80
102.5
110
86.25
86.25
107.5
80
106.25
83.75
83.75
106.25
97.5
81.25
121.25
110
121.25
92.5
80
106.25
82.5
82.5
110
83.75
111.25
80
83.75
115
83.75
80
102.5
81.25
80
113.75
93.75
108.75
87.5
86.25
105
80
81.25
111.25
92.5
125
85
82.5
100
90
87.5
102.5
88.75
100
97.5
88.75
105
80
90
105
80
101.25
83.75
87.5
108.75
97.5
85
113.75
81.25
80
100
85
105
80
90
100
87.5
87.5
115
82.5
106.25
80
86.25
118.75
81.25
83.75
100
80
100
83.75
87.5
110
88.75
80
113.75
80
101.25
81.25
85
105
100
103.75
106.25
87.5
87.5
108.75
82.5
100
88.75
81.25
100
80
87.5
100
83.75
107.5
81.25
87.5
110
87.5
93.75
105
82.5
100
83.75
80
106.25
80
85
105
87.5
107.5
91.25
90
110
81.25
83.75
106.25
82.5
80
102.5
88.75
105
83.75
83.75
106.25
87.5
91.25
103.75
87.5
100
93.75
87.5
107.5
88.75
83.75
100
83.75
108.75
87.5
87.5
115
80
97.5
110
80
123.75
82.5
83.75
115
81.25
97.5
108.75
87.5
80
100
86.25
103.75
80
86.25
101.25
80
82.5
105
81.25
108.75
87.5
87.5
101.25
86.25
80
105
