86.25
85
110
85
80
105
91.25
108.75
106.25
91.25
115
90
91.25
110
90
87.5
106.25
83.75
105
85
82.5
107.5
93.75
90
106.25
92.5
107.5
83.75
91.25
112.5
90
93.75
106.25
95
115
96.25
93.75
106.25
85
82.5
101.25
86.25
87.5
112.5
88.75
103.75
80
86.25
126.25
90
80
102.5
85
103.75
103.75
101.25
131.25
86.25
87.5
101.25
86.25
120
80
82.5
107.5
82.5
83.75
100
83.75
110
87.5
91.25
107.5
82.5
82.5
103.75
83.75
85
106.25
81.25
138.75
93.75
86.25
108.75
87.5
86.25
102.5
82.5
106.25
80
91.25
100
80
83.75
111.25
81.25
110
87.5
87.5
113.75
82.5
83.75
102.5
91.25
115
82.5
85
103.75
93.75
86.25
110
82.5
95
110
87.5
118.75
85
82.5
110
83.75
82.5
103.75
90
108.75
85
82.5
106.25
91.25
87.5
106.25
88.75
110
83.75
91.25
103.75
105
96.25
107.5
92.5
113.75
86.25
82.5
100
91.25
123.75
121.25
82.5
100
110
82.5
107.5
81.25
85
107.5
87.5
93.75
101.25
110
113.75
86.25
96.25
118.75
81.25
111.25
105
108.75
127.5
87.5
88.75
132.5
87.5
100
112.5
83.75
107.5
92.5
115
105
105
91.25
115
110
100
155
97.5
150
122.5
87.5
127.5
98.75
98.75
105
85
136.25
86.25
83.75
113.75
85
82.5
110
