0.155
0.155
0.16
0.155
0.155
0.155
0.155
0.16
0.155
0.155
0.315
0.155
0.155
0.155
0.155
0.16
0.155
0.155
0.155
0.155
0.16
0.31
0.155
0.16
0.155
0.155
0.155
0.155
0.16
0.155
0.155
0.155
0.31
0.155
0.155
0.155
0.16
0.155
0.155
0.155
0.155
0.16
0.155
0.31
0.16
0.155
0.155
0.155
0.155
0.16
0.155
0.155
0.155
0.31
0.155
0.155
0.155
0.16
0.155
0.155
0.155
0.155
0.16
0.155
0.31
0.16
0.155
0.155
0.155
0.155
0.16
0.155
0.155
0.155
0.155
0.315
0.155
0.155
0.16
0.155
0.155
0.155
0.155
0.16
0.155
0.155
0.315
0.155
0.155
0.155
0.155
0.16
0.155
0.155
0.155
0.155
0.315
0.155
0.155
0.16
0.155
0.155
0.155
0.155
0.16
0.155
0.155
0.315
0.155
0.155
0.155
0.155
0.16
0.155
0.155
0.155
0.155
0.16
0.31
0.155
0.16
0.155
0.155
0.155
0.155
0.16
0.155
0.155
0.155
0.31
0.155
0.155
0.155
0.16
0.155
0.155
0.155
0.155
0.16
0.31
0.155
0.16
0.155
0.155
0.155
0.155
0.16
0.155
0.155
0.155
0.31
0.155
0.155
0.155
0.16
0.155
0.155
0.155
0.155
0.16
0.155
0.31
0.16
0.155
0.155
0.155
0.155
0.16
0.155
0.155
0.155
0.155
0.315
0.155
0.155
0.16
0.155
0.155
0.155
0.155
0.16
0.155
0.155
0.155
0.155
0.16
0.155
0.155
0.155
0.155
0.16
0.155
0.155
0.315
0.155
0.155
0.155
0.155
0.16
0.155
